eth_sent,eth_received,num_sent_txs,num_received_txs,total_txs,address
26.18018627543043,0.0,5,0,5,0x8c35c0fc65591cc802e423583bf2ce4318512213
41.52117333543043,43.31892421235171,32,72,104,0x06f5bcb5a8a5517e952b195b343d368ce91e57d1
1.1077700000000001,0.0,8,0,8,0x0b7929bfb6760857f3e7c1be2637fe3ba48d8f17
0.0103755618701448,0.0,1,0,1,0xf0680e031d3855e678a95eb22508419cca6abec0
15.98700308920483,14.307375515033389,316,170,486,0xb182e3560acd06123728a82abf10d4d1f96d98cb
1.4417537191941656,0.0,3,0,3,0xcacc8614a2c1aefd73c22fe756a2a51c16da1247
12.128183714148646,1.123837535624023,69,12,81,0xc94ebb328ac25b95db0e0aa968371885fa516215
4.19315,0.0,10,0,10,0x668436a2ede35ce850726bde2a81ca9172373a21
1.87475,0.0,1,0,1,0xb486527be52ec1c9c25720150d153964d201bfe0
0.09988,0.0,1,0,1,0x3d99f5ffbebfb31980a48e6e586ce716914b8bac
1.55016,0.00032,5,1,6,0xef16535da695ce8d8ec06159c70fa8851905423c
0.1173,0.0,2,0,2,0xaa07b6ccd595a0ff7f76ebf730659ebce8100c20
0.0584,0.0,1,0,1,0xa4939089f095237b65b64b2de6e3dcaed74aa458
0.2145,0.0,1,0,1,0xec5acc464220871056bc3025e0a1003805cf856a
0.0,26.16997627543043,0,3,3,0xe4b3dd9839ed1780351dc5412925cf05f07a1939
0.0,15.35119706,0,29,29,0x33a64dcdfa041befebc9161a3e0c6180cd94fa89
