eth_sent,eth_received,num_sent_txs,num_received_txs,total_txs,address
229.51728115407397,0.0,656,0,656,0x46340b20830761efd32832a74d7169b29feb9758
112.20338149923883,100.73835936255222,734,254,988,0x3dd67c08bfd73a19257882de4fc79c82f83173d4
0.5179436980830762,0.038990343025404,15,2,17,0x147ed8c25045b9a58f15e63efd1da8a50f08e287
0.0485,0.01406,3,3,6,0x45a318273749d6eb00f5f6ca3bc7cd3de26d642a
0.4893109084068036,9.139028326187894,7,28,35,0xd597e1211e94b72e0b1df3eb9750e432cf6f5cf6
34.47792459332012,0.0,23,0,23,0xd24400ae8bfebb18ca49be86258a3c749cf46853
20.455669000000018,11.4374010000008,71,89,160,0x80c67432656d59144ceff962e8faf8926599bcf8
5.4544010000000025,11.700957000000605,25,67,92,0xe4edb277e41dc89ab076a1f049f4a3efa700bce8
0.6254420986493591,0.0,1,0,1,0xd4bddf5e3d0435d7a6214a0b949c7bb58621f37c
382.3806886357,0.9444430823469055,292,6,298,0x267be1c1d684f78cb4f6a176c4911b741e4ffdc0
2.711179,2.390353,26,19,45,0x5e809a85aa182a9921edd10a4163745bb3e36284
0.0,0.0,1,0,1,0xd597ad4330f53b5b82b38894de522fc2986f5cf6
21.157188592414904,0.0,25,0,25,0xf51710015536957a01f32558402902a2d9c35d82
2.016544000000001,5.328454000000153,8,17,25,0x3bdb03ad7363152dfbc185ee23ebc93f0cf93fd1
1.4625,0.0,2,0,2,0x87584aa88d305c7fe865e4484a7e54272576a597
30.349568201292694,0.0567308016996215,279,13,292,0xf70da97812cb96acdf810712aa562db8dfa3dbef
129.65836502,0.0,259,0,259,0x4976a4a02f38326660d17bf34b431dc6e2eb2327
5.902526,6.897450000000002,38,27,65,0x1f49a3fa2b5b5b61df8de486abb6f3b9df066d86
0.027,0.0,1,0,1,0xe6fc8b44690107c148d7266c19a2d07f5ce8aa72
0.0,0.0,0,2,2,0x767fe9edc9e0df98e07454847909b5e959d7ca0e
0.0,8.99185680880437,0,30,30,0x98c80f4c8941b72b390676486c6030cb49ee7560
0.0,3.6149839728187194,0,55,55,0xadd1ce4dbf95ee6c10d32c18ab76d91ad5dd4aca
0.0,0.0,0,37,37,0x7d1afa7b718fb893db30a3abc0cfc608aacfebb0
0.0,0.5953615717139663,0,9,9,0x150f94b44927f078737562f0fcf3c95c01cc2376
0.0,8.922554150435188,0,55,55,0xabea9132b05a70803a4e85094fd0e1800777fbef
0.0,31.86207994344446,0,87,87,0x32400084c286cf3e17e7b677ea9583e60a000324
0.0,0.29130000000004497,0,5,5,0xee73323912a4e3772b74ed0ca1595a152b0ef282
0.0,342.2253157085877,0,1408,1408,0xc02aaa39b223fe8d0a0e5c4f27ead9083c756cc2
0.0,0.0,0,5741,5741,0xa0b86991c6218b36c1d19d4a2e9eb0ce3606eb48
0.0,1364.0997264756643,0,2377,2377,0x3fc91a3afd70395cd496c647d5a6cc9d4b2b7fad
0.0,0.0011329904698864999,0,12,12,0xaf5191b0de278c7286d6c7cc6ab6bb8a73ba2cd6
0.0,0.0,0,10,10,0x0e42acbd23faee03249daff896b78d7e79fbd58e
0.0,0.9716249432934829,0,8,8,0x50002cdfe7ccb0c41f519c6eb0653158d11cd907
0.0,0.0,0,11205,11205,0xdac17f958d2ee523a2206206994597c13d831ec7
0.0,0.009031356357916001,0,15,15,0x8731d54e9d02c286767d56ac03e8037c07e01e98
0.0,0.0,0,1,1,0xd5cd84d6f044abe314ee7e414d37cae8773ef9d3
0.0,0.0005270969342933,0,1,1,0x234784ec001db36c9c22785cad902221fd831352
0.0,0.0,0,2,2,0x20cdecbf5d56870b4068a255580a58d068446c92
0.0,0.0,0,15,15,0xbbbbca6a901c926f240b89eacb641d8aec7aeafd
0.0,0.0,0,3,3,0x38ea452219524bb87e18de1c24d3bb59510bd783
0.0,0.0,0,2,2,0xb0d502e938ed5f4df2e681fe6e419ff29631d62b
0.0,0.005272024489815001,0,10,10,0xf6a097b278383ef0a800abd7d700b29b159b19b5
0.0,0.0,0,1,1,0xf6a94dfd0e6ea9ddfdffe4762ad4236576136613
0.0,0.0,0,61,61,0x1f9840a85d5af5bf1d1762f925bdaddc4201f984
0.0,0.0,0,30,30,0xd533a949740bb3306d119cc777fa900ba034cd52
0.0,0.0005272024489815,0,1,1,0x07b6eb9d3be334098e5af77185344bb3a34e0017
0.0,0.0005272024489815,0,1,1,0x242d6e16653b30c830c1918b5cc23d27253b2d26
0.0,0.0,0,38,38,0xc944e90c64b2c07662a292be6244bdf05cda44a7
0.0,0.0,0,16,16,0x6810e776880c02933d47db1b9fc05908e5386b96
0.0,2.0507535713664744,0,59,59,0x6131b5fae19ea4f9d964eac0408e4408b66337b5
0.0,0.0,0,22,22,0x5283d291dbcf85356a21ba090e6db59121208b44
0.0,18.2768,0,34,34,0x3154cf16ccdb4c6d922629664174b904d80f2c35
0.0,0.0027,0,1,1,0xe2452d204235accb8b29e18df0f8c1d1f67e7c3c
0.6288882099999998,0.4021140074232578,15,17,32,0x2fc617e933a52713247ce25730f6695920b3befe
0.0,0.0,0,18,18,0x0000000000664ceffed39244a8312bd895470803
0.0,0.732288128,0,9,9,0xf8b1378579659d8f7ee5f3c929c2f3e332e41fd6
0.0,1.6869999999999998,0,8,8,0x3b95bc951ee0f553ba487327278cac44f29715e5
0.0,0.45053800000000005,0,38,38,0x1a0ad011913a150f69f6a19df447a0cfd9551054
0.0,9.328300539671984,0,41,41,0x6774bcbd5cecef1336b5300fb5186a12ddd8b367
0.0,5.292529999999999,0,13,13,0x5d22045daceab03b158031ecb7d9d06fad24609b
0.0,0.0,0,1,1,0x9ce07410673206c693bcec9b07710767637a564c
0.0,0.0,0,4,4,0x15d4c048f83bd7e37d49ea4c83a07267ec4203da
0.0,0.0,0,3,3,0x14778860e937f509e651192a90589de711fb88a9
0.0,0.0,0,2,2,0x78a0a62fba6fb21a83fe8a3433d44c73a4017a6f
0.0,0.0,0,3,3,0x3c3a81e81dc49a522a592e7622a7e711c06bf354
0.0,0.0,0,20,20,0x0f5d2fb29fb7d3cfee444a200298f468908cc942
0.0,0.0,0,19,19,0xf57e7e7c23978c3caec3c3548e3d615c346e79ff
0.0,0.0,0,5,5,0xa0b73e1ff0b80914ab6fe0444e65848c4c34450b
0.0,0.0,0,3,3,0xb4fc1fc74effa5dc15a031eb8159302cfa4f1288
0.0,10.437,0,36,36,0xf951e335afb289353dc249e82926178eac7ded78
0.0,0.0,0,44,44,0x858646372cc42e1a627fce94aa7a7033e7cf075a
0.0,0.0562410594761484,0,1,1,0x176211869ca2b568f2a7d4ee941e073a821ee1ff
0.0,11.568999999999997,0,14,14,0x127746e754467196122423b30a1076973d0b134c
0.0,1.7769266285156866,0,4,4,0xdaf1695c41327b61b9b9965ac6a5843a3198cf07
0.0,0.0,0,1,1,0xb259fcf928e58e39d381704d3cae9b8e969814a0
0.0,0.0,0,1,1,0x6602e9319f2c5ec0ba31ffcdc4301d7ef03b709e
0.0,0.0,0,6,6,0xda47862a83dac0c112ba89c6abc2159b95afd71c
0.0,0.0,0,2,2,0x9168765ee952de7c6f8fc6fad5ec209b960b7622
0.0,0.26292976084799863,0,105,105,0x253553366da8546fc250f225fe3d25d0c782303b
0.0,24.9755,0,37,37,0x308861a430be4cce5502d0a12724771fc6daf216
0.0,0.0,0,35,35,0x000000000022d473030f116ddee9f6b43ac78ba3
0.0,0.0,0,7,7,0xb58a659eee982fe4e6ce0c2c37ebd0f7e8224d7e
0.0,0.0,0,38,38,0x35fa164735182de50811e8e2e824cfb9b6118ac2
0.0,6.5402000000000005,0,26,26,0x00000000005bbb0ef59571e58418f9a4357b68a0
0.0,0.0032598455936508,0,2,2,0x81f91aca8c05b3eefebc00171139afefac17c9a6
0.0,1.5435512784709802,0,19,19,0x735adbbe72226bd52e818e7181953f42e3b0ff21
0.0,0.0,0,2,2,0x8b34b14c7c7123459cf3076b8cb929be097d0c07
0.0,0.0197522883299609,0,7,7,0xdca2e9ae8423d7b0f94d7f9fc09e698a45f3c851
0.0,0.0,0,3,3,0x91e677b07f7af907ec9a428aafa9fc14a0d3a338
0.0,0.0,0,6,6,0x4aa799c5dfc01ee7d790e3bf1a7c2257ce1dceff
0.0,0.008597,0,1,1,0x8a4808e8757f7a8276e5d4adb537cb892ff5a17c
0.0,0.0,0,5,5,0x7ad4c1647aa947d1c05425a8d4d155ef811a5f9e
0.0,0.0,0,7,7,0x24fcfc492c1393274b6bcd568ac9e225bec93584
0.0,0.0,0,24,24,0xd1d2eb1b1e90b638588728b4130137d262c87cae
0.0,5.07,0,9,9,0xc232edd98a424a2180da9a8240eb9792528247c4
0.0,0.0,0,23,23,0xde30da39c46104798bb5aa3fe8b9e0e1f348163f
0.0,0.0,0,15,15,0x0e3efd5be54cc0f4c64e0d186b0af4b7f2a0e95f
0.0,0.0,0,2,2,0xe18a6a48a41f41d774342d5508cc327af10838b2
0.0,0.1,0,24,24,0xd9a442856c234a39a81a089c06451ebaa4306a72
0.0,0.0,0,26,26,0x3845badade8e6dff049820680d1f14bd3903a5d0
0.0,0.32689999999999997,0,4,4,0xba61f25dd9f2d5f02d01b1c2c1c5f0b14c4b48a3
0.0,0.0,0,14,14,0x02950460e2b9529d0e00284a5fa2d7bdf3fa4d72
0.0,0.0,0,110,110,0x4c9edd5852cd905f086c759e8383e09bff1e68b3
0.0,0.0,0,85,85,0x8707f238936c12c309bfc2b9959c35828acfc512
0.0,0.0,0,5,5,0xd4b812dd7134f632c947ca11a2fb0f49082a2483
0.0,0.0,0,12,12,0xb528edbef013aff855ac3c50b381f253af13b997
0.0,0.0,0,7,7,0x93fff4028927f53f708534397ed349b9cd4e2f9f
0.0,0.0,0,11,11,0x9234f83473c03be04358afc3497d6293b2203288
0.0,0.0,0,3,3,0xb3c8ce1ee157b0dcaa96897c9170aee6281706c9
0.0,0.0,0,46,46,0xfe0c30065b384f05761f15d0cc899d4f9f9cc0eb
0.0,0.0,0,13,13,0xc71b5f631354be6853efe9c3ab6b9590f8302e81
0.0,0.0,0,12,12,0x424ed30cce37d8c60e80ae0c4eb898cf85a88440
0.0,0.0,0,99,99,0x57e114b691db790c35207b2e685d4a43181e6061
0.0,0.0,0,55,55,0x39053d51b77dc0d36036fc1fcc8cb819df8ef37a
0.0,0.0,0,21,21,0x8457ca5040ad67fdebbcc8edce889a335bc0fbfb
0.0,0.0,0,9,9,0x38d43a6cb8da0e855a42fb6b0733a0498531d774
0.0,0.015,0,2,2,0xc7bcb0e8839a28a1cfadd1cf716de9016cda51ae
0.0,0.0,0,6,6,0xa58e81fe9b61b5c3fe2afd33cf304c454abfc7cb
0.0,0.0,0,11,11,0x035bdaeab85e47710c27eda7fd754ba80ad4ad02
0.0,0.0,0,58,58,0xec53bf9167f50cdeb3ae105f56099aaab9061f83
0.0,0.0,0,3,3,0xb0ffa8000886e57f86dd5264b9582b2ad87b2b91
0.0,0.0,0,6,6,0xf532a5a35007804a9ca79e7fa15d8f648f6d7f28
0.0,0.0,0,7,7,0xf32e58f92e60f4b0a37a69b95d642a471365eae8
0.0,14.772166,0,466,466,0x888888888889758f76e7103c6cbf23abbf58f946
0.0,0.0,0,2,2,0xc8edd52d0502aa8b4d5c77361d4b3d300e8fc81c
0.0,0.0,0,62,62,0xcd5fe23c85820f7b72d0926fc9b05b43e359b7ee
0.0,0.0,0,8,8,0x64776b0907b839e759f91a5a328ea143067ddcd7
0.0,0.0,0,6,6,0x94fdc38c4a8e34248f8dd19cb3336e0295227023
0.0,0.0,0,12,12,0xabd4c63d2616a5201454168269031355f4764337
0.0,0.0,0,8,8,0xa105c3abedbaf4295ac6149bf24d5311f629934c
0.0,0.0,0,16,16,0x5ae97e4770b7034c7ca99ab7edc26a18a23cb412
0.0,0.0,0,8,8,0x4d1c297d39c5c1277964d0e3f8aa901493664530
0.0,0.0,0,15,15,0xb8c77482e45f1f44de1745f52c74426c631bdd52
0.0,0.0,0,1,1,0x4c4af8dbc524681930a27b2f1af5bcc8062e6fb7
0.0,0.0,0,10,10,0x342f0d375ba986a65204750a4aece3b39f739d75
0.0,0.0,0,2,2,0x358d94b5b2f147d741088803d932acb566acb7b6
0.0,0.0,0,1,1,0x755a078dee1c264a3053f02cd634e750d505cf85
0.0,3.7854655674244677,0,8,8,0x12329d60ef061a62d4196e0fddc854ff4728b6eb
0.0,0.0,0,8,8,0xb4bbf1edd67752a2ec01b35bc8053429457e0542
0.0,0.0,0,63,63,0x8be3460a480c80728a8c4d7a5d5303c85ba7b3b9
0.0,0.0,0,13,13,0x0a6e7ba5042b38349e437ec6db6214aec7b35676
0.0,0.0119731319002834,0,2,2,0x57bedd7eb4c3118669f4f33a3cae4d4b554f24b7
0.0,15.14599490211477,0,242,242,0xa5f565650890fba1824ee0f21ebbbf660a179934
0.0,0.0,0,18,18,0x231b0ee14048e9dccd1d247744d114a4eb5e8e63
0.0,0.31474300000000005,0,27,27,0x0000000000000b07ed001607f5263d85bf28ce4c
0.0,0.0,0,10,10,0x00000000000000000000000000000000000face7
0.0,0.0,0,2,2,0xe5d5e5891a11b3948d84307af7651d684b87e730
0.0,0.0,0,1074,1074,0x93a2db22b7c736b341c32ff666307f4a9ed910f5
0.0,383.1798895123511,0,2075,2075,0x66a9893cc07d91d95644aedd05d03f95e1dba8af
