eth_sent,eth_received,num_sent_txs,num_received_txs,total_txs,address
37.17444470162208,12.476899890597348,355,81,436,0x6c84fb26344adb5ea68878811171ba8abd32ee11
6.779973000000001,0.0,29,0,29,0xc098b2a3aa256d2140208c3de6543aaef5cd3a94
1.1196416726094882,1.0927319089401482,16,16,32,0x44aa722e057befb493e2e309dd5d2a35f420d394
0.4340983207228208,0.35595221147024914,7,5,12,0xd3e279bafd15910804f16d8daf2bb0d9a79af997
0.099118088933591,0.4819292655296216,6,7,13,0x56c834ba4761b471d91aea7184f91c72b4cd9533
380.81854021000004,0.0,320,0,320,0x21a31ee1afc51d94c2efccaa2092ad1028285549
0.852008675334872,0.0,2,0,2,0xcc9557f04633d82fb6a1741dcec96986cd8689ae
129.65836502,0.0,259,0,259,0x4976a4a02f38326660d17bf34b431dc6e2eb2327
261.08561597000005,0.0,308,0,308,0xdfd5293d8e347dfe59e90efd55b2956a1343963d
5.794697920000001,0.0,21,0,21,0xcad621da75a66c7a8f4ff86d30a2bf981bfc8fdd
5.4544010000000025,11.700957000000605,25,67,92,0xe4edb277e41dc89ab076a1f049f4a3efa700bce8
2785.09719086,88.48972635484162,110,198,308,0xf89d7b9c864f589bbf53a82105107622b35eaa40
0.102233,0.0,1,0,1,0xe6e71d841a4602b98142d9e2d49a2322a25ac040
0.11422465,65.78871021837273,3,583,586,0xdfaa75323fb721e5f29d43859390f62cc4b600b8
0.03076173,0.0,1,0,1,0xd49417f37ced33aba35ddabf208d5bfcd87b4ebe
20.455669000000018,11.4374010000008,71,89,160,0x80c67432656d59144ceff962e8faf8926599bcf8
294.24562943,0.0,240,0,240,0x9696f59e4d72e237be84ffd425dcad154bf96976
575.2224600000002,0.0,51,0,51,0xbf94f0ac752c739f623c463b5210a7fb2cbb420b
1180.83604998,16032.761666857281,297,237,534,0x28c6c06298d514db089934071355e5743bf21d60
174.90205128999995,0.0,95,0,95,0x0d0707963952f2fba59dd06f2b425ace40b492fe
12.03110131376005,529.607187402371,136,175,311,0x9642b23ed1e01df1092b92641051881a322f5d4e
1e-06,0.0,1,0,1,0x4582630c5a171e54906d4f18f49a25dbffcf9b64
0.0939,1.0728747223413069,2,3,5,0x62fd2fa2de993bc5f2c173f788e0c5b3ceb6fbf1
2e-10,0.0,3,0,3,0x11c2c277d4df89c99905d118decb0bf3acd5ef1b
5.902526,6.897450000000002,38,27,65,0x1f49a3fa2b5b5b61df8de486abb6f3b9df066d86
1e-09,0.0,1,0,1,0x4582aee9276fe85d777fbe09d86110bf49a49b64
4.671669538583961,8.950000000000001,10,12,22,0x4582e22b66d995706b303ce04790e9998de99b64
0.0,0.1,0,1,1,0x746f4ec5f4e35fea69714d1170629626b1a35afa
0.0,1.0910437470075036,0,92,92,0xa0c68c638235ee32657e8f720a23cec1bfc77c77
0.0,0.15,0,14,14,0xcb4307f1c3b5556256748ddf5b86e81258990b3c
0.0,0.0,0,11,11,0xa5409ec958c83c3f309868babaca7c86dcb077c1
0.0,65.88697992578489,0,513,513,0x7be8076f4ea4a4ad08075c2508e481d6c946d12b
0.0,125.245450001,0,261,261,0x7f268357a8c2552623316e2562d90e642bb538e5
0.0,0.3,0,4,4,0xbbbbfcb29c56a5e0e251164a2554637096155ba9
0.0,0.0,0,20,20,0x967ea106144ff482ca13d1ab1f7e3747ff590531
0.0,331.46972634544125,0,516,516,0x68b3465833fb72a70ecdf485e0e4c7bd8665fc45
0.0,342.2253157085877,0,1408,1408,0xc02aaa39b223fe8d0a0e5c4f27ead9083c756cc2
0.0,0.0,0,2,2,0xe8637600bd2b89478e55f4609970c8bd0f77e4d1
0.0,0.0,0,3,3,0xdf3407636bbf3a015a8e48a079ef7ba49e687fd3
0.0,0.0,0,1,1,0x08cb1d7755fdf5f39a2d8425662e5090eebf6753
0.0,0.0,0,3,3,0x8b213c498d906313e14cad64edf6cf5734bf2447
0.0,0.11,0,1,1,0x5466a8963e7c49ee8efd02fb94e9e8b3edba4b18
0.0,0.0,0,1,1,0x636b21137054e5756cb9ea2f59ca876d6b1446a1
0.0,0.154,0,2,2,0xe41c7e05838f180938ad08643d7a2fe0a9e5f4e4
0.0,81.31066214591135,0,392,392,0x00000000006c3852cbef3e08e8df289169ede581
0.0,0.0,0,2,2,0x6868f4f4fd8be58283c098f97fd57faa9756d69f
0.0,0.0,0,2,2,0x7f147fb50c065f489074f92b2bf8dfc7f1937b06
0.0,0.0,0,147,147,0x0000000000c2d145a2526bd8c716263bfebe1a72
0.0,0.0,0,2,2,0x818a6b194b330186e05ca7cd1fa3f4997a1d56d8
0.0,0.9692551998407917,0,33,33,0x99c9fc46f92e8a1c0dec1b1747d010903e884be1
0.0,9.149238231480354,0,91,91,0xef1c6e67703c7bd7107eed8303fbe6ec2554bf6b
0.0,0.0,0,5741,5741,0xa0b86991c6218b36c1d19d4a2e9eb0ce3606eb48
0.0,0.010878,0,5,5,0x21b589e8ad9efcd3582eac5de321d06def182e0f
0.0,2.8437999999999004,0,37,37,0x00000000000001ad428e4906ae43d8f9852d0dd6
0.0,0.0094053,0,1,1,0xa34e15e488a9c60c199c48aa8b994c7f3535e819
0.0,0.0002682964814281,0,1,1,0x8898b472c54c31894e3b9bb83cea802a5d0e63c6
0.0,31.86207994344446,0,87,87,0x32400084c286cf3e17e7b677ea9583e60a000324
0.0,14.57229928380384,0,58,58,0xae0ee0a63a2ce6baeeffe56e7714fb4efe48d419
0.0,2.1510000000000002,0,6,6,0x7623e9dc0da6ff821ddb9ebaba794054e078f8c4
0.0,0.0241428262176507,0,4,4,0x0a9f824c05a74f577a536a8a0c673183a872dff4
0.0,0.00904187,0,1,1,0xbf3ccc344fc0b61d4adf08f7d19492b3c906efb6
0.0,0.057,0,1,1,0x5cae67648dddc48c782b96b8d94fb592fb416691
0.0,0.0,0,7,7,0x6f922284798de645e8bc1040450d32bde963c992
0.0,0.0,0,1,1,0xacf9d03f7ee0e2f42d708af5246f661dbd1c6dd6
0.0,0.0,0,14,14,0x932261f9fc8da46c4a22e31b45c4de60623848bf
0.0,0.03855,0,2,2,0x1eb73fee2090fb1c20105d5ba887e3c3ba14a17e
0.0,0.0,0,3,3,0x3e5a260c4184ececb55b47b7962d572b1b094fbb
0.0,10.248572488899999,0,124,124,0x00000000000000adc04c56bf30ac9d3c0aaf14dc
0.0,0.0,0,7,7,0xda19d1e747254efb3a3138d3602b62d8a15c1217
0.0,0.0,0,2,2,0xbd23ff26197eda06a930641ac13ed5f3db35f4de
0.0,0.10500000000000001,0,2,2,0x368fdc801cd440a0c8734fab59f6831fafc2f972
0.0,7.295848109158558,0,45,45,0x49048044d57e1c92a77f79988d21fa8faf74e97e
0.0,5.292529999999999,0,13,13,0x5d22045daceab03b158031ecb7d9d06fad24609b
0.0,0.00069,0,1,1,0xd391032fec8877953c51399c7c77fbcc93ee3e2a
0.0,0.26292976084799863,0,105,105,0x253553366da8546fc250f225fe3d25d0c782303b
0.0,0.0,0,18,18,0x0000000000664ceffed39244a8312bd895470803
0.0,0.45053800000000005,0,38,38,0x1a0ad011913a150f69f6a19df447a0cfd9551054
0.0,0.022870000000000005,0,13,13,0x53b59fb7906367c8d44b694a2f82fedd4911458c
0.0,0.0,0,6,6,0xffffffffb9059a7285849bafddf324e2c308c164
0.0,79.06316259879999,0,260,260,0xb2ecfe4e4d61f8790bbb9de2d1259b9e2410cea5
0.0,1.6869999999999998,0,8,8,0x3b95bc951ee0f553ba487327278cac44f29715e5
0.0,0.09081931,0,8,8,0x31f648572b67e60ec6eb8e197e1848cc5f5558de
0.0,0.002,0,1,1,0x8aabf768f1888bbb66c04bd528e86f253023c797
0.0,0.08027328874185,0,2,2,0x3b002ffeb716735057641cb5389ed45cfd39111b
0.0,0.732288128,0,9,9,0xf8b1378579659d8f7ee5f3c929c2f3e332e41fd6
0.0,0.156,0,3,3,0x0ff38636e52b04a485837813ebc0ef6efd5a2a64
0.0,0.027,0,1,1,0x583706d6b826e9058a8587c5f953cb061b81990d
0.0,0.026,0,1,1,0xbf3eea12a812545f4043d9bc95939475d09aed01
0.0,0.01,0,1,1,0x038b9e0eef0f926682d3a9b1918611efec9cc741
0.0,0.0,0,1,1,0x1f3590d55cb3e3c829597d6ff3371f9403e6b6ee
0.0,1.7769266285156866,0,4,4,0xdaf1695c41327b61b9b9965ac6a5843a3198cf07
0.0,137.97050000102,0,113,113,0x0000000000a39bb272e79075ade125fd351887ac
0.0,0.0,0,23,23,0xde30da39c46104798bb5aa3fe8b9e0e1f348163f
0.0,0.0,0,15,15,0x0e3efd5be54cc0f4c64e0d186b0af4b7f2a0e95f
0.0,1.5435512784709802,0,19,19,0x735adbbe72226bd52e818e7181953f42e3b0ff21
0.0,0.0,0,11,11,0x9234f83473c03be04358afc3497d6293b2203288
0.0,0.0,0,13,13,0xc71b5f631354be6853efe9c3ab6b9590f8302e81
0.0,0.0,0,2,2,0xd79a595f839d020eb6c9d921c82d32d8e8291e39
0.0,0.0,0,1,1,0x9fdfb933ee990955d3219d4f892fd1f786b47c9b
0.0,1364.0997264756643,0,2377,2377,0x3fc91a3afd70395cd496c647d5a6cc9d4b2b7fad
0.0,111.88569603223301,0,972,972,0x0000000000000068f116a894984e2db1123eb395
0.0,0.25,0,2,2,0xb3fc739972795e0f2a8da00173ee9cf834b54541
0.0,0.0,0,2,2,0x4d831e22f062b5327dfdb15f0b6a5df20e2e3dd0
0.0,0.0001,0,39,39,0xf047ab4c75cebf0eb9ed34ae2c186f3611aeafa6
0.0,0.0,0,2,2,0xa74ae2c6fca0cedbaef30a8ceef834b247186bcf
0.0,0.0,0,2,2,0x95deb8f818f0f01805451fa6bf391b0f97b4d033
0.0,0.01,0,8,8,0x61dc14b28d4dbcd6cf887e9b72018b9da1ce6ff7
0.0,0.0033,0,6,6,0x15c905dec8da0a90fa05f8121e8f8285d30ef1f4
0.0,0.29130000000004497,0,5,5,0xee73323912a4e3772b74ed0ca1595a152b0ef282
0.0,0.0,0,2,2,0xb4357054c3da8d46ed642383f03139ac7f090343
0.0,370.9676023162886,0,581,581,0x111111125421ca6dc452d289314280a0f8842a65
0.0,0.02,0,2,2,0x8f336ba83a2934256eba368a23042d6313ef8abb
0.0,9.328300539671984,0,41,41,0x6774bcbd5cecef1336b5300fb5186a12ddd8b367
0.0,0.0,0,11205,11205,0xdac17f958d2ee523a2206206994597c13d831ec7
0.0,0.021042188122634704,0,10,10,0x63ca00232f471be2a3bf3c4e95bc1d2b3ea5db92
0.0,0.48,0,1,1,0x00cd000000003f7f682be4813200893d4e690000
0.0,0.09179,0,4,4,0x28f1b9f457cb51e0af56dff1d11cd6cedffd1977
0.0,0.0,0,1,1,0xaeacfdb15284bdf93155c3616cc4a65c2c93edfc
0.0,0.0,0,1,1,0x6e15a54b5ecac17e58dadeddbe8506a7560252f9
0.0,0.0,0,6,6,0xe7c6bf469e97eeb0bfb74c8dbff5bd47d4c1c98a
0.0,13.91,0,7,7,0x2aca0c7ed4d5eb4a2116a3bc060a2f264a343357
0.0,0.0,0,49,49,0x3593d125a4f7849a1b059e64f4517a86dd60c95d
0.0,0.6688500000000002,0,12,12,0x2b08d7cf7eaff0f5f6623d9fb09b080726d4be11
0.0,0.0,0,16,16,0x97ad75064b20fb2b2447fed4fa953bf7f007a706
0.0,94.04582530374842,0,325,325,0xc36442b4a4522e871399cd717abdd847ab11fe88
0.0,0.0,0,14,14,0x8236a87084f8b84306f72007f36f2618a5634494
0.0,0.0,0,3,3,0x34bdba9b3d8e3073eb4470cd4c031c2e39c32da8
0.0,0.0,0,35,35,0x000000000022d473030f116ddee9f6b43ac78ba3
0.0,0.012,0,1,1,0x2f004b80253606b391ae89050b92a58af9cf6d3a
0.0,0.0,0,1,1,0x98d0baa52b2d063e780de12f615f963fe8537553
2.016544000000001,5.328454000000153,8,17,25,0x3bdb03ad7363152dfbc185ee23ebc93f0cf93fd1
0.0,0.0,0,1241,1241,0x68b5a1c02dea0958388eee5361f021018bd8dbe7
0.0,0.0,0,84,84,0x4d224452801aced8b2f0aebe155379bb5d594381
0.0,15.14599490211477,0,242,242,0xa5f565650890fba1824ee0f21ebbbf660a179934
0.0,0.0,0,3,3,0x469788fe6e9e9681c6ebf3bf78e7fd26fc015446
0.0,129.6778677068854,0,469,469,0x1231deb6f5749ef6ce6943a275a1d3e7486f4eae
0.0,383.1798895123511,0,2075,2075,0x66a9893cc07d91d95644aedd05d03f95e1dba8af
0.0,5.4,0,1,1,0xe97365b41b340352d3d32ca2c7230330f19a1e73
0.0,0.0,0,1,1,0x294eecec65a0142e84aedfd8eb2fbea8c9a9fbad
0.0,0.0,0,6,6,0xffb063fba8d947ffa6ae75d729324383d3b4b393
0.0,0.3454014678489633,0,24,24,0xeeeeee9ec4769a09a76a83c7bc42b185872860ee
0.0,0.0,0,4,4,0xf6ee9267950385c4194466a6d0d0a15663013524
0.0,2.9641095451748845,0,25,25,0xf5042e6ffac5a625d4e7848e0b01373d8eb9e222
0.0,4.903267694250893,0,3,3,0x11c2336bbfdde20e1eec0d43bd59d8d163efef1b
0.0,0.0,0,1,1,0x6055dc6ff1077eebe5e6d2ba1a1f53d7ef8430de
0.0,0.0,0,1,1,0x38d4066cc4b42e2b6615ae15caa6e347114779e2
0.0,0.0,0,31,31,0x7f39c581f595b53c5cb19bd0b3f8da6c935e2ca0
0.0,337.8972858409919,0,79,79,0xae7ab96520de3a18e5e111b5eaab095312d7fe84
0.0,0.0,0,69,69,0x89c6340b1a1f4b25d36cd8b063d49045caf3f818
0.0,0.0,0,8,8,0x889edc2edab5f40e902b864ad4d7ade8e412f9b1
0.0,0.0,0,51,51,0x26d85a13212433fe6a8381969c2b0db390a0b0ae
0.0,0.0,0,10,10,0x867a8fcd5bb6774d4d37fb342d669a35ff789a51
