eth_sent,eth_received,num_sent_txs,num_received_txs,total_txs,address
0.0271492926597308,0.0,1,0,1,0x020dfc47e60f6c18c11be8eca19126e6e7bc893e
0.050780052,0.0,1,0,1,0x053e9067b7dc07e51b14761869c7cd8f881f6602
103.17653856998089,34.13330865268146,888,34,922,0xc797e807fbf2484aba2a92cf3a63242d043249bf
294.24562943,0.0,240,0,240,0x9696f59e4d72e237be84ffd425dcad154bf96976
20.455669000000018,11.4374010000008,71,89,160,0x80c67432656d59144ceff962e8faf8926599bcf8
0.0971803249261313,0.16790934480631792,1,5,6,0x58c15bdd984d48a0a9ef8327db02486421e3870e
0.05968851,0.03704491,1,3,4,0x03654ce6a6a7e639ee574207ac81d135af6799b5
754.93533307,0.0,221,0,221,0x56eddb7aa87536c09ccc2793473599fd21a8b17f
443.4285291300001,0.0,58,0,58,0xa7efae728d2936e78bda97dc267687568dd593f3
261.08561597000005,0.0,308,0,308,0xdfd5293d8e347dfe59e90efd55b2956a1343963d
281.1563494699999,0.0,52,0,52,0xf7858da8a6617f7c6d0ff2bcafdb6d2eedf64840
575.2224600000002,0.0,51,0,51,0xbf94f0ac752c739f623c463b5210a7fb2cbb420b
30.349568201292694,0.0567308016996215,279,13,292,0xf70da97812cb96acdf810712aa562db8dfa3dbef
12.03110131376005,529.607187402371,136,175,311,0x9642b23ed1e01df1092b92641051881a322f5d4e
1180.83604998,16032.761666857281,297,237,534,0x28c6c06298d514db089934071355e5743bf21d60
1e-09,0.0,1,0,1,0x3cec6715b04c83b3c61018cb4cbfa9c192aba813
0.0,0.0179293446597308,0,1,1,0x798934cdcfae18764ef4819274687df3fb24b99b
0.0,0.0,0,61,61,0x1f9840a85d5af5bf1d1762f925bdaddc4201f984
0.0,0.03701037,0,1,1,0x7838ee3b8b4e960ea92003843b3c4908e0b403c1
0.0,0.0,0,7,7,0x0f51bb10119727a7e5ea3538074fb341f56b09ad
0.0,0.0,0,3,3,0x2909122ea182368a4ba7bc5eed2d2d536b3e25ae
0.0,0.0,0,5741,5741,0xa0b86991c6218b36c1d19d4a2e9eb0ce3606eb48
0.0,0.0,0,1,1,0x41b856701bb8c24cece2af10651bfafebb57cf49
0.0,0.0,0,2,2,0x8b39b70e39aa811b69365398e0aace9bee238aeb
0.0,0.0,0,2,2,0x35e5203feef397346048dd36d0ee4d611103544e
0.0,0.0,0,3,3,0x948c70dc6169bfb10028fdbe96cbc72e9562b2ac
0.0,1091.941335759052,0,5480,5480,0x7a250d5630b4cf539739df2c5dacb4c659f2488d
0.0,0.0,0,3,3,0x06a00715e6f92210af9d7680b584931faf71a833
0.0,0.0,0,4,4,0x727f064a78dc734d33eec18d5370aef32ffd46e4
0.0,0.0,0,2,2,0xb27408838976daf8678cda2ed20b096effd10465
0.0,0.0,0,2,2,0xd07e86f68c7b9f9b215a3ca3e79e74bf94d6a847
0.0,0.0,0,2,2,0x7d5121505149065b562c789a0145ed750e6e8cdd
0.0,0.0,0,11205,11205,0xdac17f958d2ee523a2206206994597c13d831ec7
0.0,0.0,0,1,1,0x18ec06148576d1ab53802914e66e6ff361b38578
0.0,0.0,0,4,4,0xd38bb40815d2b0c2d2c866e0c72c5728ffc76dd9
0.0,0.11,0,2,2,0xcc12532e95c2a6a4c53af153b9b739a3cc9218a7
0.0,0.0,0,1,1,0x130909390ac76c53986957814bde8786b8605ff3
0.0,0.0,0,4,4,0xf02f48ed491ba39734aa1b6d9c0b7bfa3587faef
0.0,0.0,0,25,25,0x6d614686550b9e1c1df4b2cd8f91c9d4df66c810
0.0,0.0,0,3,3,0xdc7d40722422066381b840d531251b31c480b699
0.0,0.0,0,5,5,0xb4b9dc1c77bdbb135ea907fd5a08094d98883a35
0.0,0.0,0,2,2,0x7db33da8713eb307eb0e8870a3cbafb234bc83df
0.0,0.0,0,1,1,0x7d4ce4c6d2e71d7bed4596f809b81fba0be42258
0.0,0.9692551998407917,0,33,33,0x99c9fc46f92e8a1c0dec1b1747d010903e884be1
0.0,9.91479989379739,0,71,71,0x4dbd4fc535ac27206064b68ffcf827b0a60bab3f
0.0,0.0,0,7,7,0x6f922284798de645e8bc1040450d32bde963c992
0.0,0.0,0,1,1,0x2c4a142bd4fa59dc082fdd1fbc3abd6e423237f2
0.0,8.922554150435188,0,55,55,0xabea9132b05a70803a4e85094fd0e1800777fbef
0.0,14.57229928380384,0,58,58,0xae0ee0a63a2ce6baeeffe56e7714fb4efe48d419
0.0,1.5238161970492938,0,195,195,0x283af0b28c62c092c9727f1ee09c02ca627eb7f5
0.0,0.01,0,12,12,0x3ee18b2214aff97000d974cf647e7c347e8fa585
0.0,0.0,0,2,2,0x41f7b8b9b897276b7aae926a9016935280b44e97
0.0,177.55017860338873,0,2004,2004,0x1111111254eeb25477b68fb85ed929f73a960582
0.0,331.46972634544125,0,516,516,0x68b3465833fb72a70ecdf485e0e4c7bd8665fc45
0.0,1.6406757736644746,0,22,22,0xc4448b71118c9071bcb9734a0eac55d18a153949
0.0,342.2253157085877,0,1408,1408,0xc02aaa39b223fe8d0a0e5c4f27ead9083c756cc2
0.0,2.881,0,13,13,0x82e0b8cdd80af5930c4452c684e71c861148ec8a
0.0,0.0,0,15,15,0x084b1c3c81545d370f3634392de611caabff8148
0.0,0.0382,0,5,5,0xd95a1969c41112cee9a2c931e849bcef36a16f4c
0.0,34.39571388986319,0,455,455,0xdef1c0ded9bec7f1a1670819833240f027b25eff
0.0,0.014,0,2,2,0x1b165fe4da6bc58ab8370ddc763d367d29f50ef0
0.0,81.31066214591135,0,392,392,0x00000000006c3852cbef3e08e8df289169ede581
0.0,0.0,0,2,2,0xeb88dda4cc8739c064debf0b8672e596db6bccf4
0.0,3.01,0,3,3,0x47c84a87a2a972769cc5deda28118617e3a48f8c
0.0,0.0,0,3,3,0xa67fefa6657e9aa3e4ee6ef28531641dafbb8caf
0.0,0.0018228752502566,0,6,6,0xc30141b657f4216252dc59af2e7cdb9d8792e1b0
0.0,285.76097099438874,0,879,879,0x881d40237659c251811cec9c364ef91dc08d300c
0.0,0.0,0,4,4,0xf875b4bd81b1be40775652d8fdc174512c36db20
0.0,0.0,0,2,2,0xa422ca380bd70eef876292839222159e41aaee17
0.0,0.00777,0,10,10,0xd4307e0acd12cf46fd6cf93bc264f5d5d1598792
0.0,0.0,0,2,2,0xf266195e1b30b8f536834303c555bd6aaf063f04
0.0,0.02,0,2,2,0x2c1bb02db4d1cbd3d0003e4a1ef0eb15e2596292
0.0,0.01,0,2,2,0x03659512ee808f16ad889fe05e26d3ffe77effcd
0.0,0.011,0,1,1,0x5cdd3d1aedae9f659b60f02acdd89b2479ce2e43
0.0,0.004,0,2,2,0xb6728bff344e2109dbb3a0c153cad65ec4bdb736
0.0,0.0,0,5,5,0x9a0c8ff858d273f57072d714bca7411d717501d7
0.0,0.0,0,1,1,0xaccfac2339e16dc80c50d2fa81b5c2b049b4f947
0.0,0.0101,0,1,1,0xbd468211ca12d2957dd38510c5f0a7e7303365bf
0.0,0.004829999999999999,0,8,8,0x84162fe2e695fedbf4d3bca1c3458fb616e44735
0.0,0.0,0,24,24,0x75cda57917e9f73705dc8bcf8a6b2f99adbdc5a5
0.0,0.0,0,3,3,0x1ca2007a81f8a7491bb6e11d8e357fd810896454
0.0,31.86207994344446,0,87,87,0x32400084c286cf3e17e7b677ea9583e60a000324
0.0,0.000655,0,2,2,0xb4b0ea46fe0e9e8eab4afb765b527739f2718671
0.0,0.0,0,216,216,0x249ca82617ec3dfb2589c4c17ab7ec9765350a18
0.0,0.0,0,15,15,0xc3d688b66703497daa19211eedff47f25384cdc3
0.0,0.0012100000000000001,0,3,3,0xa397a8c2086c554b531c02e29f3291c9704b00c7
5.4544010000000025,11.700957000000605,25,67,92,0xe4edb277e41dc89ab076a1f049f4a3efa700bce8
0.0,0.0,0,23,23,0xde30da39c46104798bb5aa3fe8b9e0e1f348163f
0.0,0.0,0,10,10,0x5f04d47d698f79d76f85e835930170ff4c4ebdb7
0.0,0.0,0,2,2,0xa491d60c12774dd78201fdf400a8dd81524edafe
0.0,0.0,0,1,1,0x85b6acaba696b9e4247175274f8263f99b4b9180
0.0,0.0,0,1,1,0xfb1371d494d608f6e5f6438f69f686953b0a50e8
0.0,0.0547,0,4,4,0x12bb5bbbfe596dbc489d209299b8302c3300fa40
0.0,0.0,0,14,14,0x4976fb03c32e5b8cfe2b6ccb31c09ba78ebaba41
0.0,0.004662,0,6,6,0x9d90669665607f08005cae4a7098143f554c59ef
0.0,0.01,0,1,1,0x2e4b0f20bdb1caa0886c531256efdaab925dbe72
0.0,0.009031356357916001,0,15,15,0x8731d54e9d02c286767d56ac03e8037c07e01e98
0.0,0.0,0,1,1,0xaa0508fcd0352b206f558b2b817dcc1f0cc3f401
0.0,16.634,0,7,7,0x3cec0266f1cb011e34cc9d587036c5923d64a813
0.0,1.95,0,1,1,0xcb81af9e5cabc5cb34ed7a4cd2ca696facd45df3
0.0,0.0,0,3,3,0x5434db2bb856430e3620c1b9ca42e680b413aef3
0.0,0.0,0,1,1,0xfc35b8491fbcc4a1f6d7669bd3538c14b84fec0b
0.0,0.0,0,1,1,0xb7a32203fd5954625858164c12e2931bc9c5c907
0.0,0.683572,0,56,56,0x00005ea00ac477b1030ce78506496e8c2de24bf5
0.0,0.0,0,2,2,0x08c7676680f187a31241e83e6d44c03a98adab05
0.0,0.0,0,12,12,0x6e2a43be0b1d33b726f0ca3b8de60b3482b8b050
0.0,0.0,0,3,3,0xffb1641d3148cadb024a6936c43343ad32f9c5a6
0.0,0.0,0,1,1,0xc493a42cb57b7cf09787e4bc9f234216d6998d80
0.0,0.45053800000000005,0,38,38,0x1a0ad011913a150f69f6a19df447a0cfd9551054
0.0,7.295848109158558,0,45,45,0x49048044d57e1c92a77f79988d21fa8faf74e97e
0.0,0.0,0,1,1,0x6537897d19beae115e5882f92380abac9d56fe59
0.0,0.0,0,2,2,0xf74c02fbdd19edf05b3369e7a95de173f15036b0
0.0,0.0,0,3,3,0x0942810a4fa6c49e745d1fa2ff8de4d8d34eed5e
0.0,0.0,0,2,2,0x9faffeb7e7f0f46aca2ce6654de93c634f15da21
0.0,0.0,0,1,1,0x4790e4cbac1add9278554211663acd14cf45f543
0.0,0.0,0,2,2,0xfcfa7dc526cea8a4dd053df0145b2ba130b63014
0.0,0.0,0,1,1,0x524ffa6fb026f82a2a81deb8cbb933e6b205cb45
0.0,0.0,0,1,1,0x4b30aacd5b2374e5eef189b57acda9cf0ab2dc60
0.0,0.0,0,14,14,0x932261f9fc8da46c4a22e31b45c4de60623848bf
0.0,0.0,0,2,2,0x3c4fe0db16c9b521480c43856ba3196a9fa50e08
0.0,10.437,0,36,36,0xf951e335afb289353dc249e82926178eac7ded78
0.0,0.0,0,44,44,0x858646372cc42e1a627fce94aa7a7033e7cf075a
0.0,0.26292976084799863,0,105,105,0x253553366da8546fc250f225fe3d25d0c782303b
0.0,0.0,0,4,4,0xf639b4ebb77df1ed4b5014c244f60e72b8adb29b
0.0,0.0,0,1,1,0x636d0a95aa1ba893ebdb8afcf665204ea8ee2090
0.0,0.0,0,3,3,0xf1126bfbcbecaf5807378448e52ecaef23cf8a27
0.0,0.9734000000000449,0,6,6,0xd9d74a29307cc6fc8bf424ee4217f1a587fbc8dc
0.0,0.0,0,7,7,0xb58a659eee982fe4e6ce0c2c37ebd0f7e8224d7e
0.0,337.8972858409919,0,79,79,0xae7ab96520de3a18e5e111b5eaab095312d7fe84
0.0,0.0,0,3,3,0x24db6717db1c75b9db6ea47164d8730b63875db7
0.0,0.0,0,6,6,0x4aa799c5dfc01ee7d790e3bf1a7c2257ce1dceff
0.0,22.485051512686415,0,200,200,0xe592427a0aece92de3edee1f18e0157c05861564
0.0,0.0,0,110,110,0x4c9edd5852cd905f086c759e8383e09bff1e68b3
0.0,0.0,0,6,6,0xf55b0f6f2da5ffddb104b58a60f2862745960442
0.0,0.0,0,85,85,0x8707f238936c12c309bfc2b9959c35828acfc512
0.0,0.0,0,14,14,0x02950460e2b9529d0e00284a5fa2d7bdf3fa4d72
0.0,0.0,0,207,207,0x6b175474e89094c44da98b954eedeac495271d0f
0.0,0.0,0,7,7,0xf36a4ba50c603204c3fc6d2da8b78a7b69cbc67d
0.0,0.0,0,1,1,0x2eeb70f5f1b79738fd4afd9463508a0249349463
0.0,0.0,0,4,4,0xaf9ba9f9d7db062a119371ea923ed274e3981163
0.0,0.0,0,7,7,0x93fff4028927f53f708534397ed349b9cd4e2f9f
0.0,0.0,0,46,46,0xfe0c30065b384f05761f15d0cc899d4f9f9cc0eb
0.0,0.0,0,11,11,0x9234f83473c03be04358afc3497d6293b2203288
0.0,24.9755,0,37,37,0x308861a430be4cce5502d0a12724771fc6daf216
0.0,0.0,0,62,62,0xcd5fe23c85820f7b72d0926fc9b05b43e359b7ee
0.0,0.0001,0,39,39,0xf047ab4c75cebf0eb9ed34ae2c186f3611aeafa6
0.0,0.0,0,21,21,0x8457ca5040ad67fdebbcc8edce889a335bc0fbfb
0.0,0.0,0,6,6,0xb6d149c8dda37aaaa2f8ad0934f2e5682c35890b
0.0,0.0,0,13,13,0xc71b5f631354be6853efe9c3ab6b9590f8302e81
0.0,0.0,0,12,12,0x424ed30cce37d8c60e80ae0c4eb898cf85a88440
0.0,0.0,0,99,99,0x57e114b691db790c35207b2e685d4a43181e6061
0.0,0.0,0,2,2,0x49446a0874197839d15395b908328a74ccc96bc0
0.0,0.1,0,24,24,0xd9a442856c234a39a81a089c06451ebaa4306a72
0.0,6.5402000000000005,0,26,26,0x00000000005bbb0ef59571e58418f9a4357b68a0
0.0,0.0,0,55,55,0x39053d51b77dc0d36036fc1fcc8cb819df8ef37a
0.0,0.0,0,3,3,0xd3f52ad671d38663fb813a26c4b42c75ea6ec34e
0.0,0.0,0,2,2,0xe0d0cf872c09968f1554730042ee680354dec994
0.0,9.328300539671984,0,41,41,0x6774bcbd5cecef1336b5300fb5186a12ddd8b367
0.0,0.0,0,1,1,0xfe3b138879d6d0555be4132dcfe6e7424e257a2e
0.0,18.2768,0,34,34,0x3154cf16ccdb4c6d922629664174b904d80f2c35
0.0,1.5435512784709802,0,19,19,0x735adbbe72226bd52e818e7181953f42e3b0ff21
0.0,0.0,0,4,4,0xaacfdf323b44d8b27319249ca3ee1b3aa05083b2
0.0,0.0,0,2,2,0x39f5b252de249790faed0c2f05abead56d2088e1
0.0,0.0,0,10,10,0x2e1a7ef12d0adeebf6009f0aa964cf686364b01f
0.0,0.0,0,8,8,0x3b50805453023a91a8bf641e279401a0b23fa6f9
0.0,0.0,0,5,5,0x221ea02d409074546265ccd1123050f4d498ef64
0.0,0.0,0,7,7,0xf96798f49936efb1a56f99ceae924b6b8359affb
0.0,0.0,0,11,11,0x035bdaeab85e47710c27eda7fd754ba80ad4ad02
0.0,0.0,0,3,3,0x8a4c7ca32bd1daff850d059b24b1bdf3e2fe107d
0.0,0.0,0,2,2,0x2ddb11443bd9ceb92d4951a05f55eb7096eb53d3
0.0,0.0,0,58,58,0xec53bf9167f50cdeb3ae105f56099aaab9061f83
0.0,0.0,0,13,13,0x7ca50eb6f717843a134aacca58ebf09fa34707ca
0.0,0.0,0,20,20,0xbe0ed4138121ecfc5c0e56b40517da27e6c5226b
0.0,0.0,0,5,5,0x3f69bb14860f7f3348ac8a5f0d445322143f7fee
0.0,0.0,0,6,6,0xf532a5a35007804a9ca79e7fa15d8f648f6d7f28
0.0,0.0,0,38,38,0x35fa164735182de50811e8e2e824cfb9b6118ac2
0.0,0.032,0,15,15,0x99de9e5a3ec2750a6983c8732e6e795a35e7b861
0.0,14.772166,0,466,466,0x888888888889758f76e7103c6cbf23abbf58f946
0.0,0.0,0,115,115,0x111111111117dc0aa78b770fa6a738034120c302
0.0,0.0,0,1,1,0xb0ce75b1cc46c4a62b87b7da20bd9136f7dd2228
0.0,0.0,0,1,1,0x1a65eb80a2ac3ea6e41d456ddd6e9cc5728bef7c
0.0,0.0,0,23,23,0x917cee801a67f933f2e6b33fc0cd1ed2d5909d88
0.0,0.0,0,3,3,0x28ce264d0938c1051687febdcefacc2242ba9e0e
0.0,0.0,0,3,3,0x253008ba4ae2f3e6488dc998a5321d4eb1a0c905
0.0,0.0,0,8,8,0x64776b0907b839e759f91a5a328ea143067ddcd7
0.0,0.0,0,75,75,0x9d39a5de30e57443bff2a8307a4256c8797a3497
0.0,0.0,0,8,8,0x6571e50e8769d236414f3fb9e9b1d05341f6f79a
0.0,0.0,0,25,25,0x88909d489678dd17aa6d9609f89b0419bf78fd9a
0.0,0.0,0,2,2,0x40c2889aebd9e83ac7546d6932ef9e2efb9cc180
0.0,0.0,0,1,1,0x323da63d354c9d79df927fd21ce5b97add3a50d9
0.0,0.0,0,2,2,0xd7df7e085214743530aff339afc420c7c720bfa7
0.0,0.0,0,3,3,0x1a4b46696b2bb4794eb3d4c26f1c55f9170fa4c5
0.0,0.0,0,3,3,0x152649ea73beab28c5b49b26eb48f7ead6d4c898
0.0,0.0,0,175,175,0x2260fac5e5542a773aa44fbcfedf7c193bc2c599
0.0,0.0,0,2,2,0x971e5b5d4baa5607863f3748febf287c7bf82618
0.0,0.0,0,1,1,0x719b51dd92b7809a80a2e8c91d89367bf58f1d7a
0.0,0.0,0,2,2,0xcaa8abb72a75c623bece1f4d5c218f425d47a0d0
0.0,0.0,0,1,1,0xe19a43b1b8af6cee71749af2332627338b3242d1
0.0,0.0,0,2,2,0x417e1ef6eb82c3e6a60c2dc342e574e4c51b4d35
0.0,0.0,0,8,8,0xa105c3abedbaf4295ac6149bf24d5311f629934c
0.0,0.0,0,4,4,0x76cb5db5db3f75a20f5017f1ec234d51ea21acd8
0.0,0.0,0,16,16,0x5ae97e4770b7034c7ca99ab7edc26a18a23cb412
0.0,0.0,0,8,8,0xc1994a7efddd1a424ff8e7abd0763659119f4fca
0.0,0.0,0,6,6,0xc135b516e399c1ed702588d887fbbe6f2d1ba27a
0.0,0.0,0,11,11,0x2ec90ef34e312a855becf74762d198d8369eece1
0.0,0.0,0,2,2,0xecf2bcb2342d8157d4fb4f4bdc1edf74fbf759b3
0.0,0.0,0,2,2,0x38b86004842d3fa4596f0b7a0b53de90745ab654
0.0,0.0,0,2,2,0x8db42af6b2de9e8aee47f3423570d8e9c3873796
0.0,0.0,0,3,3,0xaec39abf123642dc7c907ae686e3964785785595
0.0,0.0,0,8,8,0xb4bbf1edd67752a2ec01b35bc8053429457e0542
0.0,0.0,0,63,63,0x8be3460a480c80728a8c4d7a5d5303c85ba7b3b9
0.0,1364.0997264756643,0,2377,2377,0x3fc91a3afd70395cd496c647d5a6cc9d4b2b7fad
0.0,7.023,0,2,2,0xbeec393cc266889d5d957638be3203d903125715
0.0,0.0,0,8,8,0x4d1c297d39c5c1277964d0e3f8aa901493664530
0.0,0.0,0,2,2,0x352180974c71f84a934953cf49c4e538a6f9c997
0.0,0.0,0,27,27,0xd45884b592e316eb816199615a95c182f75dea07
0.0,17.625609999999998,0,17,17,0xefa3fa8e85d2b3cfdb250cdea156c2c6c90628f5
0.0,0.0,0,4,4,0x98083e22d12497c1516d3c49e7cc6cd2cd9dcba4
0.0,0.0,0,48,48,0xd11c452fc99cf405034ee446803b6f6c1f6d5ed8
0.0,0.0,0,5,5,0xa10d15538e09479186b4d3278ba5c979110dddb1
0.0,0.0,0,9,9,0x5e4acca7a9989007cd74ae4ed1b096c000779dcc
0.0,0.0,0,9,9,0x9bb6d4b928645eda8f9c019495695ba98969eff1
0.0,52.34097845509428,0,18,18,0xc2c862322e9c97d6244a3506655da95f05246fd8
0.0,0.0,0,18,18,0x657e8c867d8b37dcc18fa4caead9c45eb088c642
0.0,0.0,0,4,4,0x5816c699f66592179a227c5c2ff8486243962951
0.0,0.0,0,8,8,0x7750d328b314effa365a0402ccfd489b80b0adda
0.0,0.0,0,3,3,0xa3602ec7d5f17e5cd3071dda8f9b5b3d5dc275a3
0.0,0.0,0,10,10,0x342f0d375ba986a65204750a4aece3b39f739d75
0.0,0.0,0,13,13,0x0a6e7ba5042b38349e437ec6db6214aec7b35676
0.0,129.6778677068854,0,469,469,0x1231deb6f5749ef6ce6943a275a1d3e7486f4eae
0.0,0.0,0,3,3,0xeb993b610b68f2631f70ca1cf4fe651db81f368e
0.0,26.80538,0,12,12,0x5ebc127fae83ed5bdd91fc6a5f5767e259df5642
0.0,0.0,0,2,2,0x3568f1d2e8058f6d99daa17051cb4a2930c83978
0.0,0.0,0,1,1,0x08c6f91e2b681faf5e17227f2a44c307b3c1364c
0.0,2.0726999999999998,0,39,39,0xcf5540fffcdc3d510b18bfca6d2b9987b0772559
0.0,1.6720000000000002,0,3,3,0x95d56e1dd69288d10ae3aafa309175dd6bf75f2f
0.0,0.0,0,3,3,0x5fd13359ba15a84b76f7f87568309040176167cd
0.0,0.0,0,3,3,0xfd418e42783382e86ae91e445406600ba144d162
0.0,0.0,0,3,3,0xad26899c06b786b2cafdaf7a5dd180c47402ee16
0.0,0.0,0,3,3,0x487e1cef7805cf0225dec3dd0f3044fe0fb70611
0.0,0.0195748,0,20,20,0x16c6521dff6bab339122a0fe25a9116693265353
0.0,0.0,0,52,52,0x66a1e37c9b0eaddca17d3662d6c05f4decf3e110
0.0,0.0,0,5,5,0x3ee841f47947fefbe510366e4bbb49e145484195
0.0,0.0,0,2,2,0xf589273a91622f1f48c0cd378881f0b3e6c40a95
0.0,0.0,0,1,1,0xc9b2a7cc412dd28a6171c8a120406b98103a6361
0.0,0.0,0,9,9,0x6c8984bc7dbbedaf4f6b2fd766f16ebb7d10aab4
0.0,0.0,0,28,28,0x0c9a3dd6b8f28529d72d7f9ce918d493519ee383
0.0,94.04582530374842,0,325,325,0xc36442b4a4522e871399cd717abdd847ab11fe88
0.0,0.0,0,8,8,0x4956b52ae2ff65d74ca2d61207523288e4528f96
0.0,0.0,0,4,4,0x8e001d4bac0eae1eea348dfc22f9b8bda67dd211
0.0,0.0,0,5,5,0xc907ba505c2e1cbc4658c395d4a2c7e6d2c32656
0.0,3.9775,0,11,11,0xcfc6d9bd7411962bfe7145451a7ef71a24b6a7a2
0.0,0.006863795770459225,0,18,18,0x8180eccc825b692ef65ff099a0a387743788bf78
0.0,0.0,0,2,2,0x91e3489da66ed36ebe0be1013d87449447fd2bfa
0.0,0.0057989697420854,0,1,1,0x790b0c8d071e57255e6d8b0092154c702aea73dd
0.0,0.000505585203310343,0,5,5,0x26cf1dc84694e04277f2fe4c13e43597c6010c2a
0.0,0.000153777852370209,0,31,31,0x6db24ee656843e3fe03eb8762a54d86186ba6b64
0.0,0.0,0,12,12,0x8f08b70456eb22f6109f57b8fafe862ed28e6040
0.0,0.0,0,5,5,0xb1b9150f2085f6a553b547099977181ca802752a
0.0,0.0,0,1,1,0xa0ab94debb3cc9a7ea77f3205ba4ab23276fed08
0.0,0.0,0,5,5,0xe1b4d34e8754600962cd944b535180bd758e6c2e
0.0,0.0,0,41,41,0x808507121b80c02388fad14726482e061b8da827
0.0,0.0,0,4,4,0x52c2bc859f5082c4f8c17266a3cd640b5047370e
0.0,370.9676023162886,0,581,581,0x111111125421ca6dc452d289314280a0f8842a65
0.0,0.0,0,31,31,0x7f39c581f595b53c5cb19bd0b3f8da6c935e2ca0
0.0,0.0,0,1,1,0xcdd26eb5eb2ce0f203a84553853667ae69ca29ce
0.0,0.0,0,3,3,0x83e6f1e41cdd28eaceb20cb649155049fac3d5aa
0.0,0.0,0,1,1,0xc24a365a870821eb83fd216c9596edd89479d8d7
0.0,0.0013114894385816002,0,7,7,0x80226fc0ee2b096224eeac085bb9a8cba1146f7d
0.0,0.0,0,3,3,0xefd2247fcc3c7aa1fcbe1d2b81e6d0164583eea3
0.0,0.0,0,6,6,0x6c78661c00d797c9c7fcbe4bcacbd9612a61c07f
0.0,0.0,0,1,1,0x8f152feaa99eb6656f902e94bd4e7bcf563d4a43
0.0,0.0,0,7,7,0x06c055753e37356b463813a288b2b0931b024dd4
0.0,4.532566864682907,0,132,132,0x6a000f20005980200259b80c5102003040001068
0.0,0.0,0,17,17,0xb2dbc10f4fa6113ac75eea254806f6a2aa4bf20b
0.0,0.0,0,1,1,0xbdb8f9729d3194f75fd1a3d9bc4ffe0dde3a404c
0.0,111.88569603223301,0,972,972,0x0000000000000068f116a894984e2db1123eb395
0.0,10.03,0,1,1,0x6b6b27f08b84c186626d5a64614b5192a8ef71a9
0.0,0.0,0,2,2,0x5cc5b05a8a13e3fbdb0bb9fccd98d38e50f90c38
0.0,0.0,0,20,20,0x000000000000c9b3e2c3ec88b1b4c0cd853f4321
0.0,0.0,0,2,2,0xe0e034aff49755e80b15594ce3a16d74d1a09b2f
0.0,0.0,0,8,8,0x1202f5c7b4b9e47a1a484e8b270be34dbbc75055
0.0,0.0,0,1,1,0x6e96041a7f6a3a974a90016f277fb7457a64ef9b
0.0,0.0,0,1,1,0x2f1abb81ed86be95bcf8178ba62c8e72d6834775
0.0,0.0,0,1,1,0xea1180804bdba8ac04e2a4406b11fb7970c474f1
0.0,0.0,0,4,4,0x8a2725a6f04816a5274ddd9feadd3bd0c253c1a6
0.0,0.0,0,1,1,0x6a162ea0f31dc63cd154f4fccdd43b612df731e9
0.0,0.0,0,3,3,0xce23bd7205bf2b543f6b4eec00add0c111fefc3b
0.0,0.0,0,8,8,0x68b55c20a2634b25a50a219b632f22854d810bf5
0.0,0.0,0,4,4,0x3f80b1c54ae920be41a77f8b902259d48cf24ccf
0.0,0.0,0,19,19,0xd061d61a4d941c39e5453435b6345dc261c2fce0
0.0,0.0,0,2,2,0xe877b2a8a53763c8b0534a15e87da28f3ac1257e
0.0,0.0,0,11,11,0xf2c89f386401e2f11fc940bc8d9f7105a46a4bce
0.0,0.0,0,4,4,0x0b010000b7624eb9b3dfbc279673c76e9d29d5f7
0.0,0.0,0,3,3,0x3b9122704a20946e9cb49b2a8616ccc0f0d61adb
0.0,0.0,0,8,8,0xce9d50db432e0702bcad5a4a9122f1f8a77ad8f9
0.0,0.0,0,15,15,0x8ccaec55fee95e7edb6cf334182999c611b36db6
0.0,0.0,0,23,23,0xfe4bce4b3949c35fb17691d8b03c3cadbe2e5e23
0.0,0.0,0,11,11,0x259338656198ec7a76c729514d3cb45dfbf768a1
0.0,0.0,0,2,2,0x65b560d887c010c4993c8f8b36e595c171d69d63
0.0,383.1798895123511,0,2075,2075,0x66a9893cc07d91d95644aedd05d03f95e1dba8af
0.0,0.0,0,4,4,0x48c11b86807627af70a34662d4865cf854251663
0.0,0.0,0,1,1,0xfcaae839cfc7e3627741bd9914f661fd75cc3cbf
0.0,0.0,0,4,4,0xac0047886a985071476a1186be89222659970d65
0.0,0.0,0,3,3,0x5fde59415625401278c4d41c6befce3790eb357f
0.0,10.0,0,1,1,0xf6ad71e9020e72dd00edcf6368a1806d56c41f03
0.0,0.0,0,9,9,0xde3bd2b0199191f0ba648f9501a23d9649db5963
0.0,0.0,0,14,14,0x77146784315ba81904d654466968e3a7c196d1f3
0.0,0.0,0,51,51,0x26d85a13212433fe6a8381969c2b0db390a0b0ae
