eth_sent,eth_received,num_sent_txs,num_received_txs,total_txs,address
10.521339549,0.19466708439962802,79,12,91,0xcbd6832ebc203e49e2b771897067fce3c58575ac
5.72155312300547,5.790449906187876,395,104,499,0xd0ab4efee43468e6b7c8d8918ad03599e006de34
25.387290280000002,0.0,491,0,491,0xb23360ccdd9ed1b15d45e5d3824bb409c8d7c460
0.0046940913054542,0.0,2,0,2,0x04b6cf685e4a387b3b6c0610db55ab0f58318a01
0.00603,0.0,1,0,1,0xfd5721e9831dfa7496b5963077f0b2cc52e4f5c0
0.06548,0.0038600202265059,4,1,5,0x1ab29837c61785ff195bb94f108ce7094e59b7d4
12.128183714148646,1.123837535624023,69,12,81,0xc94ebb328ac25b95db0e0aa968371885fa516215
0.63092,0.0,6,0,6,0x0c02807c61b13e432ce496776246cd87bbf2e339
0.0588275864866948,0.0,1,0,1,0x0bef98211b28eea2f9219c7aab711e40ae920a4b
0.3985342364317351,0.0931143938461621,4,3,7,0x6723c2d1cf9bda4235fc82c0d78933d07755d6d9
0.0167926155355488,0.0,1,0,1,0x1907c554b170d355e39c9ee9ae1dbc4a7333035d
0.1272,0.0,2,0,2,0x7e2dd0db2b2cfd9e4084b7b3f5eee91caa404c4c
0.0,0.350334699337677,0,6,6,0x55978b5df01f0a07f8926ca7c081208afde7f264
0.0,0.0,0,11205,11205,0xdac17f958d2ee523a2206206994597c13d831ec7
0.0,0.0028824157007165,0,1,1,0xc9c165ba08c4769adc23189cfda5edda320cb8f2
0.0,1.2892240201071048,0,116,116,0x6303c99bfb02bbbc61feed95d7053f24546da9a5
0.0,1.8188027698135385,0,12,12,0x3adb2a7760c14551493c70856e2f056d037ad1f6
0.0,0.09886342864831561,0,2,2,0x4446e49d887e9474469e013ad8efbc3b41dab2a1
0.0,0.1832222761154193,0,5,5,0x357f15a8624bcb4bcc671b76ce5d53529a888818
0.0,0.0548754756695099,0,2,2,0x73ac6e3be5287ab9c6b29f6abb34c1cd392c8d0a
0.0,0.029441668204176,0,1,1,0xadfe7a06757e64b6ed4d26ec546f1fcb94ab60c2
0.0,0.0937824599445838,0,3,3,0xe4a144015e7c5f06fec810ff2d2d4356f0b1030b
0.0,0.0176119040816566,0,1,1,0x93223718aec5213efa9d68f045d50e71b304c242
0.0,0.0136964858730531,0,1,1,0x5f6eea9b2d6157e676d4042b6386427943067b24
0.0,0.0097817113299606,0,1,1,0xfb59d0b26343318d1e186810757f4aad187d466d
0.0,0.0078139345895535,0,1,1,0x5883f0272c4743dd980f358066a9b37ad82500c1
0.0,0.0058590316973614,0,1,1,0x9bff59424e02460d727e12c7ffd7b4a51551a41a
0.0,0.0458232509164218,0,5,5,0x5fd2af1e0d881c1f414621361c7922cf73a81649
0.0,0.0078092969680404,0,1,1,0xb83dbd3c8deba5d22ecc9ae62f03563eda1f6870
0.0,0.0039161167786023,0,1,1,0xf8252c3cf8eeb570f717d034040a045c96108112
0.0,0.19848926460205837,0,6,6,0x6ffa6a2c5f64038894fec7708e9eb2993b901e83
0.0,0.00398555634381,0,1,1,0x95454001e3e39b6ec4f0ade5bcb4a89fbbdc0ac3
0.0,0.0039859058369605,0,1,1,0x92180ef985807fb8335e547ed81a74d1625d81f5
0.0,0.0039863825173208,0,1,1,0xa033729e813c8df1f16eb740de5bedd813ab52e7
0.0,0.1068751150924827,0,3,3,0xe34ca16ec593c360baa605ed8bd5ea5aec502592
0.0,0.0234181982818848,0,1,1,0x4a8fa3ef4c50f63a3840c36d2a3e9422b83a51bc
0.0,0.0656244461344805,0,2,2,0xf116a7af225d7abe3ca5985f6b17309285731563
0.0,0.0377711222601629,0,1,1,0x32c0a1009e97e0a80a3c471b0091db55cce42ef0
0.0,0.0553995598391136,0,1,1,0xaa066ebeb9c148be4f236f532297e3cbde5223b1
0.0,0.008668686733363,0,1,1,0x7efbc84e9f1b4cd0d69f60a315e388bf05c0022f
0.0,0.0,0,5741,5741,0xa0b86991c6218b36c1d19d4a2e9eb0ce3606eb48
0.0,0.7663776450300113,0,46,46,0x479ee9bdd2bba47295ee3d70f93a34ef4e780853
0.0,0.0039697347423245,0,1,1,0xe015e4a42a87eae70cb6f757c94a1c9f6a36115b
0.0,0.0148047944310749,0,1,1,0x8391ca6bee82ea2ab2bdb5fb55c96f27b9b301a1
0.0,0.0396908460440734,0,2,2,0x8af3577b3a95ed2a24c04140a0b60838581b0423
0.0,0.079298736942509,0,2,2,0x594ad4be9290bbaeb9081cfe2cfd6dd9e4273be6
0.0,0.0138018380800831,0,1,1,0x79cc431382c759a79204224b436649e65cfcfe8d
0.0,0.0183534750743221,0,1,1,0x98da8a9871fd956e2c32029b10844181861f1be2
0.0,0.0112041449871015,0,1,1,0x55e3f36351d66656c5cb7f3212ab9ec82b80eeb5
0.0,0.0111887043207501,0,1,1,0x5852037a6ed662006304473fd65d061c99c7fd1f
0.0,0.0127238327828712,0,1,1,0xd4cdb583d660711eda2572fe72465b6139f49f51
0.0,0.0080268847125305,0,1,1,0x43673727e28c027f75c79bff10de0080592cb87c
0.0,0.0184869153374157,0,2,2,0x0e1e21eb4f145f0a8f0eeac8576cfd182f7c170b
0.0,0.0264466803832743,0,1,1,0xa08db397b77c99485be5a5f091333e7fa0560789
0.0,0.0053119156892741,0,1,1,0x10c9a4e8f9dfb2aa74feeb7b13c987de2545aa5f
0.0,0.0058461039703017,0,1,1,0x2727e1d6b2b5abc748cdb6f790b62e043535de18
0.0,0.0053098425897164,0,1,1,0x479e673b4fd33caca23a5efabd7b15a39a5dd496
0.0,0.0083450212991804,0,1,1,0x694c409c3a2c4010178f7d67c9ce98833335f23c
0.0,0.025328142186279,0,1,1,0x777a67606c9bb2f1d300e6ec485c1d8d53428515
