eth_sent,eth_received,num_sent_txs,num_received_txs,total_txs,address
0.001,0.0,1,0,1,0x33d1616cabb5d3b50e1e3a30eaf6db14bb384816
52.557875450793986,3.8240920614708043,1007,79,1086,0xe25acc4ee8311f06bfb688f7363ac6def7650d28
0.007,0.0,1,0,1,0xb4576e9c92f3742d6ce0585fdfaa57a69ac5a38b
3.6109648721937067,22.02104801263577,51,54,105,0xee96703614ea707b0b99ecb55da74c04ff70f2ed
0.0314583212329843,0.0,2,0,2,0xc6f99cb9c7a6a556975fdc501271b6c73cde9c32
0.05,0.0,1,0,1,0x7485ac6d8534691993348d51ab0f131a19fff763
0.0142474298978881,0.04,2,2,4,0xace1a9d53ac15a2d2d6e7174479bf9c6b811078e
0.0078204834101478,0.0,1,0,1,0x3fdf7219de082eaffe0bcc99c0729deb9f961c19
0.0002346145023044,0.005751129882475,1,1,2,0x6497feea80ebf3bcf6d8fba3df0ab883a501a341
0.0110284093869077,0.2198040936561556,2,6,8,0x5573fedf9f390f41033c89eb15dfdb8b1981cd3a
30.349568201292694,0.0567308016996215,279,13,292,0xf70da97812cb96acdf810712aa562db8dfa3dbef
0.034,0.0295664667771618,6,1,7,0x23fbd8efe84b35a746b2fe2a96bcda2578f57d53
0.02822949059738495,0.0,16,0,16,0xb42f812a44c22cc6b861478900401ee759ebead6
0.0,0.0,0,52,52,0x419c4db4b9e25d6db2ad9691ccb832c8d9fda05e
0.0,0.0,0,18,18,0xb932a70a57673d89f4acffbe830e8ed7f75fb9e0
0.0,0.0,0,6,6,0x41a322b28d0ff354040e2cbc676f0320d8c8850d
0.0,0.0,0,1,1,0xd193a22224795c43d837a3f3d7394b4d0cc15f60
0.0,1.5238161970492938,0,195,195,0x283af0b28c62c092c9727f1ee09c02ca627eb7f5
0.0,0.0641,0,2,2,0xf2ee97405593bc7b6275682b0331169a48fedec7
0.0,0.0,0,4,4,0x25c0d8402e55f49afa65a121fe421ba92e1981bd
0.0,0.0,0,1,1,0xe79bd721ea130d1773dfe791d2b2b52877c85442
0.0,0.0,0,4,4,0x6e058ccbb49b05ada07f2cf75f7f4647901b5b3f
0.0,0.0,0,3,3,0x0cf74f8414db9db05fc940adbb7b6a02a693365d
0.0,65.88697992578489,0,513,513,0x7be8076f4ea4a4ad08075c2508e481d6c946d12b
0.0,0.0,0,226,226,0x514910771af9ca656af840dff83e8264ecf986ca
0.0,0.0,0,45,45,0xd07dc4262bcdbf85190c01c996b4c06a461d2430
0.0,0.0,0,2,2,0xeb868136fce503964b738208a677eacff5f7fccb
0.0,0.0,0,1,1,0xdefca3d2c714f581b94b5a17bb55db7365c109ff
0.0,0.0,0,1,1,0x86d53ee93c3f2fdbbb163cbf4dd09b8841de24f9
0.0,0.0,0,3,3,0x3b5d2b254224954547a33cbf753bcaa5eb4b27bd
0.0,0.0,0,47,47,0xfca59cd816ab1ead66534d82bc21e7515ce441cf
0.0,0.0,0,1,1,0x0a47c67b647f3bf003effda6318ce2bc95871f38
0.0,0.25,0,1,1,0xa5af48b105ddf2fa73cbaac61d420ea31b3c2a07
0.0,0.0,0,10,10,0xd06f51965a7ff3d33f47e216b617b2eaab02215e
0.0,0.0,0,3,3,0x8bf592fd4217f064327d1db45a58c66f6d297584
0.0,0.0,0,4,4,0xcd4ec7b66fbc029c116ba9ffb3e59351c20b5b06
0.0,342.2253157085877,0,1408,1408,0xc02aaa39b223fe8d0a0e5c4f27ead9083c756cc2
0.0,0.0,0,14,14,0xc1caf0c19a8ac28c41fe59ba6c754e4b9bd54de9
0.0,0.0,0,11,11,0xa5409ec958c83c3f309868babaca7c86dcb077c1
0.0,0.0,0,4,4,0xf5dee1416988ec404000c6d8626910ecb3f62d6c
0.0,0.0,0,7,7,0x6a5ff3ceecae9ceb96e6ac6c76b82af8b39f0eb3
0.0,285.76097099438874,0,879,879,0x881d40237659c251811cec9c364ef91dc08d300c
0.0,0.334,0,26,26,0xb1690c08e213a35ed9bab7b318de14420fb57d8c
0.0,0.0,0,2,2,0x22a40a30b5e581f5bdc6afea7afedb3fa735d9d9
0.0,0.206,0,1,1,0x2947f98c42597966a0ec25e92843c09ac17fbaa7
0.0,0.0,0,7,7,0xefabe332d31c3982b76f8630a306c960169bd5b3
0.0,0.0,0,11,11,0x06012c8cf97bead5deae237070f9587f8e7a266d
0.0,0.0,0,6,6,0xfbb6684ebd6093989740e8ef3e7d57cf3813e5a4
0.0,0.07,0,3,3,0xe785e82358879f061bc3dcac6f0444462d4b5330
0.0,0.0,0,6,6,0x6d05064fe99e40f1c3464e7310a23ffaded56e20
0.0,0.0,0,8,8,0xf78296dfcf01a2612c2c847f68ad925801eeed80
0.0,0.0,0,2,2,0x77a251ac8a70cf15dd2e80329fa8c464101087b0
0.0,1.28,0,8,8,0x4242422677fdd7ca7f638b57afbe04371d318d19
0.0,0.05124795,0,1,1,0x09eab21c40743b2364b94345419138ef80f39e30
0.0,0.0,0,40,40,0x495f947276749ce646f68ac8c248420045cb7b5e
0.0,0.2624,0,3,3,0x9757f2d2b135150bbeb65308d4a91804107cd8d6
0.0,0.0,0,16,16,0xf3dfbe887d81c442557f7a59e3a0aecf5e39f6aa
0.0,0.0,0,2,2,0x8d04a8c79ceb0889bdd12acdf3fa9d207ed3ff63
0.0,0.0,0,1,1,0xd81f156bbf7043a22d4ce97c0e8ca11d3f4fb3cc
0.0,0.0,0,1,1,0x511372b44231a31527025a3d273c1dc0a83d77af
0.0,0.0,0,5,5,0x4f8730e0b32b04beaa5757e5aea3aef970e5b613
0.0,0.0,0,2,2,0x8bf2f876e2dcd2cae9c3d272f325776c82da366d
0.0,0.0,0,6,6,0x290c090c032902bd32b1194df40f7eb1abbe1f33
0.0,2.5,0,1,1,0x2cf5fcc125f902b94f6b0e7c358246ded15fdcbf
0.0,0.0,0,3,3,0x448f3219cf2a23b0527a7a0158e7264b87f635db
0.0,0.009147,0,1,1,0xcdfd5037c5467f49a5a44cd85b1a3927cd5971b3
0.0,0.0,0,2,2,0xcea11e8706b67f710c83d79ec7105031decc8068
0.0,0.0,0,5,5,0x41e24c7549d8d4eef26a6cbe88d1775de40197ad
0.0,0.0,0,2,2,0x1cfd39c883b4d487bf88fdfa9931b347361df81e
0.0,0.0,0,5,5,0xfbeef911dc5821886e1dda71586d90ed28174b7d
0.0,0.0,0,2,2,0xc322cdd03f34b6d25633c2abbc8716a058c7fe9e
0.0,0.0,0,2,2,0x65b49f7aee40347f5a90b714be4ef086f3fe5e2c
0.0,0.0,0,1090,1090,0xc18360217d8f7ab5e7c516566761ea12ce7f9d72
0.0,22.485051512686415,0,200,200,0xe592427a0aece92de3edee1f18e0157c05861564
0.0,0.0,0,3,3,0x5b50931305b4ae11c08876431f0baeb51d8a6daa
0.0,0.0,0,1,1,0x2a46f2ffd99e19a89476e2f62270e0a35bbf0756
0.0,0.0,0,4,4,0x7ab2352b1d2e185560494d5e577f9d3c238b78c5
0.0,1091.941335759052,0,5480,5480,0x7a250d5630b4cf539739df2c5dacb4c659f2488d
0.0,0.0,0,5,5,0x36d16e0758d1b52c28c4579e12b9efa0d23bab29
0.0,0.0,0,4,4,0x9498e391ca49722988fc4da4d0d8c9c987ce8961
0.0,0.0,0,14,14,0x4976fb03c32e5b8cfe2b6ccb31c09ba78ebaba41
0.0,0.0,0,15,15,0x084b1c3c81545d370f3634392de611caabff8148
0.0,0.0,0,2,2,0x73834c4456b38346013294c9d16b5e172cd5ca69
0.0,0.0,0,3,3,0x8b7f316b8b771d7cb82192ef189ce5e3c29af532
0.0,0.0,0,7,7,0xc3f8a0f5841abff777d3eefa5047e8d413a1c9ab
0.0,0.0,0,11,11,0x3b484b82567a09e2588a13d54d032153f0c0aee0
0.0,0.0,0,5,5,0x8dd6e225440a8446aa1f417887c49a32a3fef700
0.0,0.0,0,4,4,0xa35dce3e0e6ceb67a30b8d7f4aee721c949b5970
0.0,0.0,0,28,28,0xf4d2888d29d722226fafa5d9b24f9164c092421e
0.0,0.05,0,7,7,0xa68dd8cb83097765263adad881af6eed479c4a33
0.0,0.0,0,3,3,0xad3018b6c203174f9a84373fcf862300147ba5f6
0.0,2.83,0,1,1,0x2eff303377b9e01e042b7f80fb42836b35fb1a49
0.0,0.0,0,6,6,0x176e0fe17314def59f0f06e976e1b74203be4a55
0.0,1.0,0,1,1,0x04e19b07c215f0eceefb7cd787bff2f59cf0271f
0.0,0.0,0,4,4,0x2ea241b51451b713dd05566d10a6ba3379b26788
0.0,0.0,0,8,8,0xa7d8d9ef8d8ce8992df33d8b8cf4aebabd5bd270
0.0,3.5,0,1,1,0x0b0b4994e23547ebe88e2717c0b66a262c438f5f
0.0,4.87,0,1,1,0x9cbf9ee8f7478490461ead32f2e028d4b9364310
0.0,0.0,0,2,2,0x600407b37444ae49e42c2922c19de99b339061f7
0.0,0.0,0,2,2,0xcaea26bdccfa9090d056b6533a608c6157caa948
0.0,125.245450001,0,261,261,0x7f268357a8c2552623316e2562d90e642bb538e5
0.0,0.0,0,2,2,0xc606a4bec95638088496e28f647825c9db145fc4
0.0,0.0,0,1,1,0x2b4572419f2b2a0c198cc8789de881287c09d8c3
0.0,81.31066214591135,0,392,392,0x00000000006c3852cbef3e08e8df289169ede581
0.0,4.73935470183944,0,13,13,0x6883bed9092b1688860e8b5401a1d8d6a963dfb8
0.0,0.0,0,3,3,0x4819dab28d11de83c20c75c7fa2a6eac9dc948d4
0.0,0.0,0,3,3,0x5a91f86c4eb5f113575770f99ba8241371961c85
0.0,0.0,0,4,4,0xc143bbfcdbdbed6d454803804752a064a622c1f3
0.0,0.0,0,4,4,0xf38d6bf300d52ba7880b43cddb3f94ee3c6c4ea6
0.0,0.0,0,1,1,0x6fce4a2d220d5a975eecfec0d2e0a81d3247d342
0.0,0.0,0,1,1,0xe9be55ffedb6c2a2f3f8eac31c60d7f122f79958
0.0,0.0,0,7,7,0x60f80121c31a0d46b5279700f9df786054aa5ee5
0.0,0.0,0,7,7,0x4e32004d8b81847a670b4a1778ace4dcf2bba01e
0.0,0.0,0,21,21,0x7044ad2975b9947d7c611c3eddd3af757cad1c5e
0.0,0.0,0,13,13,0xb159f1a0920a7f1d336397a52d92da94b1279838
0.0,0.0,0,3,3,0xc1cb9682282afee9d7a8a243b69dfebc7838b4a1
0.0,1.44218,0,57,57,0x44e94034afce2dd3cd5eb62528f239686fc8f162
0.0,0.0,0,2,2,0x492c0d0a51cbf9dc225a485f9c722413615fc570
0.0,0.16399999999999998,0,6,6,0xa46f952645d4deec07a7cd98d1ec9ec888d4b61e
0.0,0.0,0,15,15,0xebb973624a34f033431ef5cd0a83d999f566b724
0.0,0.18,0,4,4,0xb17a510cfd5ac43e1fcf56c1abf7fc632f054488
0.0,28.859644468999996,0,55,55,0x6d7c44773c52d396f43c2d511b81aa168e9a7a42
0.0,0.0,0,3,3,0xea0c51eb6bb9cbe2936f122c829e8f8e4e102520
0.0,0.0,0,3,3,0xefc5493c712a2f39375d72c358cc5bbbcb4c3f67
0.0,0.0,0,147,147,0x0000000000c2d145a2526bd8c716263bfebe1a72
0.0,0.0,0,5,5,0xf6e12a3b482c8d51a0f66e6d80c496c310833389
0.0,0.0,0,3,3,0x86cc280d0bac0bd4ea38ba7d31e895aa20cceb4b
0.0,137.97050000102,0,113,113,0x0000000000a39bb272e79075ade125fd351887ac
0.0,0.0,0,28,28,0x57f1887a8bf19b14fc0df6fd9b2acc9af147ea85
0.0,0.0,0,6,6,0xf3e778f839934fc819cfa1040aabacecba01e049
0.0,0.0,0,3,3,0xb6c1bc1c4c115cae13746c06dec9769b69e4461a
0.0,0.0,0,3,3,0x46f9a4522666d2476a5f5cd51ea3e0b5800e7f98
0.0,0.0,0,4,4,0x81c50fe3f697e9d6f0a26664ace8f1cdd8f02bf7
0.0,0.0,0,4,4,0xa3b7cee4e082183e69a03fc03476f28b12c545a7
0.0,0.0,0,4,4,0xbf662a0e4069b58dfb9bcebebae99a6f13e06f5a
0.0,0.0,0,4,4,0x6fc355d4e0ee44b292e50878f49798ff755a5bbc
0.0,0.0,0,6,6,0x31d4da52c12542ac3d6aadba5ed26a3a563a86dc
0.0,0.0,0,4,4,0x82b6fe968f6262d7c8914275d58759de9b61f676
0.0,0.0,0,4,4,0xd153f0014db6d1f339c6340d2c9f59214355d9d7
0.0,0.0,0,6,6,0xdcb1cdfe2b5f592e7bdc2696b7a68c6e866c4cc2
0.0,6.159400000000001,0,32,32,0x000000000000ad05ccc4f10045630fb830b95127
0.0,0.0,0,1,1,0xb19a7bf69492fa2642f4774c8fa501aaf5c427d2
0.0,0.0,0,8,8,0xf36c296e87dd2d7adcef251a542561d4bbe07714
0.0,0.0,0,1,1,0x6d2703dd4c02654e2a0cda6df9b74acbb89b6f27
0.0,0.0,0,8,8,0xf216c9e7414e84a37f5c24148fa8899cb674ab84
0.0,0.0,0,5,5,0x031920cc2d9f5c10b444fd44009cd64f829e7be2
0.0,0.0,0,6,6,0xd21a23606d2746f086f6528cd6873bad3307b903
0.0,0.0,0,4,4,0xb16dfd9aaaf874fcb1db8a296375577c1baa6f21
0.0,0.0,0,4,4,0x4135063dc85190660ed08790f59bc711d8b404c0
0.0,0.0,0,5,5,0x1a17531d136a3a4e0ef05575867fc7c59dae3069
0.0,0.0,0,4,4,0xf0ef8bb0011e7ec14f4195645611d80cc551e4b8
0.0,0.0,0,3,3,0x40d8a6a05a0a033d948a53dca8df8b54a08a2734
0.0,0.0,0,4,4,0xef9ced283114fe8428421eb180852900094fc358
0.0,0.0,0,1,1,0x79986af15539de2db9a5086382daeda917a9cf0c
0.0,0.0,0,5,5,0xf2d15c0a89428c9251d71a0e29b39ff1e86bce25
0.0,0.0,0,22,22,0x5283d291dbcf85356a21ba090e6db59121208b44
0.0,9.149238231480354,0,91,91,0xef1c6e67703c7bd7107eed8303fbe6ec2554bf6b
0.0,0.0,0,2,2,0x05bbb2bf0a41393e61d3edc18b979cbcb55ab48d
0.0,0.0,0,5,5,0x925f7eb0fe634702049a1344119d4046965b5c8c
0.0,2.8437999999999004,0,37,37,0x00000000000001ad428e4906ae43d8f9852d0dd6
0.0,0.0,0,2,2,0xf80a31718151ee890a7e44f6dbd6562b5e219a41
0.0,0.0,0,4,4,0x1e15c05cbad367f044cbfbafda3d9a1510db5513
0.0,0.0,0,6,6,0xe4cfae3aa41115cb94cff39bb5dbae8bd0ea9d41
0.0,0.00119,0,78,78,0xe7d3982e214f9dfd53d23a7f72851a7044072250
0.0,0.01597,0,4,4,0xdb8d79c775452a3929b86ac5deab3e9d38e1c006
0.0,0.0,0,5,5,0xd3cf04d7a5513ce8148790d90d91361476f5da94
0.0,0.0,0,3,3,0xd498fc4289ecbcf5c9ef033de3ceddc1fc3f6cc3
0.0,0.0,0,3,3,0x188a7c473d94f5c5ed21bc2e820cf51934b40388
0.0,0.0,0,3,3,0xa84fc8bbc9e1f7ecc2b4e9e1f879d806d5384869
0.0,0.0,0,2,2,0xe6dc6f2577bc0cb55c0dca518bd8121b206d557d
0.0,0.0,0,3,3,0x37348dafbde50426acee323b1d091321f5719b9c
0.0,0.0069,0,1,1,0x37b0a5bd05fc53c4b9f8f3a3bd014ec55072c714
0.0,0.26292976084799863,0,105,105,0x253553366da8546fc250f225fe3d25d0c782303b
0.0,0.0,0,2,2,0xa708b1f665f2e0c8a43e401cc3a73f537b09ede2
0.0,0.0,0,5,5,0x0fbfbdbb71f43731cfd82c290096cde82a85eb65
0.0,0.0,0,2,2,0xfb405b7fea40db1af824ade7634012481b741736
0.0,0.0,0,2,2,0x10b3016afb3eb4bd9c03203da5b820a8f3ef400b
0.0,0.0,0,2,2,0x68755aeb1cbc6bac47428bed0dbd0cea41bceab8
0.0,0.0,0,1,1,0x83e3d76bd9303917ad0383a45fc6df171f1be219
0.0,10.248572488899999,0,124,124,0x00000000000000adc04c56bf30ac9d3c0aaf14dc
0.0,0.0,0,4,4,0x343f999eaacdfa1f201fb8e43ebb35c99d9ae0c1
0.0,7.295848109158558,0,45,45,0x49048044d57e1c92a77f79988d21fa8faf74e97e
0.0,0.0222147185839449,0,1,1,0x2b0386bbdd314d8356c21f39be2491f975bd6361
0.0,0.0,0,2,2,0xc4dc21607257d6a860f6a658fd52444b3e9c142a
0.0,0.0,0,2,2,0xc11135fbdd294b88ba50bd7c34d072cbba0b95f3
0.0,0.0,0,2,2,0x9d3031d181ec6a2a784ba152f993332442fe8bfc
0.0,0.0,0,2,2,0xe9a2bbc6f08f200afba25474083d8b42a89abab8
0.0,0.0,0,5741,5741,0xa0b86991c6218b36c1d19d4a2e9eb0ce3606eb48
0.0,0.0439760601347727,0,3,3,0x7915f087685fffd71608e5d118f3b70c27d9ef4e
0.0,0.0,0,2,2,0x56fb26a1178298c4f50d484ba6b4e1b83d657803
0.0,111.88569603223301,0,972,972,0x0000000000000068f116a894984e2db1123eb395
0.0,79.06316259879999,0,260,260,0xb2ecfe4e4d61f8790bbb9de2d1259b9e2410cea5
0.0,2.079862686568232,0,5,5,0x1dae28d7007703196d6f456e810f67c33b51b25c
0.0,30.700020239009493,0,57,57,0x0439e60f02a8900a951603950d8d4527f400c3f1
0.0,0.0,0,1,1,0xffe53829e5d367d8e3671bbfb95fe0e024f0d8b6
0.0,0.0,0,3,3,0x23581767a106ae21c074b2276d25e5c3e136a68b
0.0,0.31474300000000005,0,27,27,0x0000000000000b07ed001607f5263d85bf28ce4c
0.0,0.0,0,10,10,0x00000000000000000000000000000000000face7
0.0,15.14599490211477,0,242,242,0xa5f565650890fba1824ee0f21ebbbf660a179934
0.0,0.0,0,2,2,0xe529178bf1ad4f8e01f09037a3c6e96131cff5f3
0.0,0.0,0,2,2,0x918f677b3ab4b9290ca96a95430fd228b2d84817
0.0,0.0,0,2,2,0xac910384afe354bdb85f008896960936e5d30790
0.0,0.0,0,2,2,0xaaccf11ad588887843435b234b6a16a3a24344f8
0.0,0.0,0,2,2,0x10b712f8c8419b84394368af356c63eff5661c63
0.0,0.0,0,2,2,0xf10c5c11e4ee6b66b36f8fad7203b88843dfcacb
0.0,0.0,0,3,3,0x8cdbd7010bd197848e95c1fd7f6e870aac9b0d3c
0.0,0.0,0,2,2,0x99a9b7c1116f9ceeb1652de04d5969cce509b069
0.0,0.0,0,2,2,0x40f14fadea10daab99214368dcde893300ecdbce
0.0,0.0,0,2,2,0x31385d3520bced94f77aae104b406994d8f2168c
0.0,0.0,0,2,2,0x0dd3e90aed10841f355208aee04484331f569f89
0.0,0.0,0,2,2,0x000009bb1740eea484f7db00000a9227e578bf96
0.0,0.0,0,2,2,0xbaea7422effc762b0810f5e312bfa2e13f0801f3
0.0,0.0,0,2,2,0x8cb05890b7a640341069fb65dd4e070367f4d2e6
0.0,0.0,0,3,3,0x004f5683e183908d0f6b688239e3e2d5bbb066ca
0.0,0.0,0,2,2,0x0d0167a823c6619d430b1a96ad85b888bcf97c37
0.0,0.0,0,10,10,0x7e9b9ba1a3b4873279857056279cef6a4fcdf340
0.0,0.0,0,3,3,0x59a498d8cb5f0028591c865c44f55e30b76c9611
0.0,0.0,0,2,2,0x7d256d82b32d8003d1ca1a1526ed211e6e0da9e2
0.0,0.0,0,2,2,0x09b9905a472aa1d387c9c1d8d956aff5463837e8
0.0,0.0138018405082593,0,1,1,0x94e912ee17524381707ccb0df20de2a3fb57ae3b
0.0,0.0,0,1,1,0x6d4530149e5b4483d2f7e60449c02570531a0751
0.0,0.0,0,1,1,0xfe029f3b6a64481c598d243e0f5644f978a0a04b
0.0,0.0,0,1,1,0xa45662638e9f3bbb7a6fecb4b17853b7ba0f3a60
0.0,0.0,0,2,2,0x3edf71a31b80ff6a45fdb0858ec54de98df047aa
0.0,0.0,0,1,1,0xf37bd087a6ac9f1bae2abf075835d18138f1e153
0.0,0.0,0,1,1,0xd0b24b0f5d290629ea911142cebf9b1a2f9f25ca
0.0,0.0,0,5,5,0xe70659b717112ac4e14284d0db2f5d5703df8e43
0.0,0.0,0,1,1,0x8c9b261faef3b3c2e64ab5e58e04615f8c788099
0.0,0.0,0,1,1,0xe14d706148f4d1dbc0f7a20c0646f27d33df0357
0.0,0.0,0,1,1,0x96da7bc30381e7d290c1bb491d8e99bd67c5cb40
0.0,0.0,0,1,1,0x269bc803c233620506c9d25d980e979bf8bcbbf6
0.0,0.0,0,3,3,0x9ce07b945b4cb912e338d141cf95e9636bf2e836
0.0,0.0,0,1,1,0x9b84a7f48d251950d944b41eafb36560469281b3
0.0,0.0,0,1,1,0xd4416b13d2b3a9abae7acd5d6c2bbdbe25686401
0.0,0.0,0,3,3,0xabb3738f04dc2ec20f4ae4462c3d069d02ae045b
0.0,0.0,0,1,1,0xa6a0cf6fb245c97f3a5e4f2c5a05315e649ca895
0.0,0.0,0,1,1,0xc707d91f2205a507e36ea9dce1ed8a7bd2dc6ab2
0.0,0.024291963653888003,0,2,2,0x8e82c64fb94504eaa0f73de0c3679c871a1ba894
0.0,0.0017796208632136997,0,4,4,0xe3478b0bb1a5084567c319096437924948be1964
0.0,0.0,0,1,1,0x51f437e4b25ce7bc7d43c13ba1140dd0e52151cb
0.0,0.0,0,2,2,0x3a3b0dbdc0f6bc77421dcd2f55cfa087b0db9aec
0.0,0.0,0,1,1,0xbaac4f293fdc8edd61bffef7230fb8a8fb1c2e5c
